time,r,u,v
-5.000000e-01,+0.000000e+00,+0.000000e+00,+0.000000e+00
+0.000000e+00,+0.000000e+00,+0.000000e+00,+0.000000e+00
+1.000000e+00,+1.801868e-04,+6.661900e-01,+6.662192e-01
+2.000000e+00,+1.799887e-04,+6.664566e-01,+6.664861e-01
+3.000000e+00,+1.792331e-04,+6.663949e-01,+6.664231e-01
+4.000000e+00,+1.783320e-04,+6.664179e-01,+6.664457e-01
+5.000000e+00,+1.780377e-04,+6.664229e-01,+6.664490e-01
+6.000000e+00,+1.793964e-04,+6.664348e-01,+6.664591e-01
+7.000000e+00,+1.836289e-04,+6.664472e-01,+6.664688e-01
+8.000000e+00,+1.919207e-04,+6.664612e-01,+6.664793e-01
+9.000000e+00,+2.051689e-04,+6.664761e-01,+6.664898e-01
+1.000000e+01,+2.238052e-04,+6.664915e-01,+6.664998e-01
+1.100000e+01,+2.477825e-04,+6.665068e-01,+6.665088e-01
+1.200000e+01,+2.766993e-04,+6.665217e-01,+6.665163e-01
+1.300000e+01,+3.099630e-04,+6.665358e-01,+6.665220e-01
+1.400000e+01,+3.469156e-04,+6.665484e-01,+6.665256e-01
+1.500000e+01,+3.869052e-04,+6.665593e-01,+6.665267e-01
+1.600000e+01,+4.293169e-04,+6.665680e-01,+6.665253e-01
+1.700000e+01,+4.735804e-04,+6.665743e-01,+6.665213e-01
+1.800000e+01,+5.191688e-04,+6.665778e-01,+6.665147e-01
+1.900000e+01,+5.655941e-04,+6.665783e-01,+6.665059e-01
+2.000000e+01,+6.124025e-04,+6.665756e-01,+6.664949e-01
+2.100000e+01,+6.591711e-04,+6.665698e-01,+6.664822e-01
+2.200000e+01,+7.055053e-04,+6.665607e-01,+6.664680e-01
+2.300000e+01,+7.510375e-04,+6.665484e-01,+6.664530e-01
+2.400000e+01,+7.954264e-04,+6.665332e-01,+6.664375e-01
+2.500000e+01,+8.383562e-04,+6.665152e-01,+6.664221e-01
+2.600000e+01,+8.795372e-04,+6.664946e-01,+6.664071e-01
+2.700000e+01,+9.187053e-04,+6.664719e-01,+6.663932e-01
+2.800000e+01,+9.556224e-04,+6.664474e-01,+6.663805e-01
+2.900000e+01,+9.900764e-04,+6.664215e-01,+6.663696e-01
+3.000000e+01,+1.021881e-03,+6.663949e-01,+6.663606e-01
+3.100000e+01,+1.050876e-03,+6.663678e-01,+6.663538e-01
+3.200000e+01,+1.076927e-03,+6.663410e-01,+6.663492e-01
+3.300000e+01,+1.099922e-03,+6.663149e-01,+6.663468e-01
+3.400000e+01,+1.119775e-03,+6.662900e-01,+6.663465e-01
+3.500000e+01,+1.136425e-03,+6.662669e-01,+6.663482e-01
+3.600000e+01,+1.149828e-03,+6.662461e-01,+6.663515e-01
+3.700000e+01,+1.159967e-03,+6.662279e-01,+6.663562e-01
+3.800000e+01,+1.166842e-03,+6.662129e-01,+6.663619e-01
+3.900000e+01,+1.170470e-03,+6.662014e-01,+6.663681e-01
+4.000000e+01,+1.170889e-03,+6.661936e-01,+6.663745e-01
+4.100000e+01,+1.168150e-03,+6.661898e-01,+6.663805e-01
+4.200000e+01,+1.162319e-03,+6.661902e-01,+6.663858e-01
+4.300000e+01,+1.153476e-03,+6.661948e-01,+6.663899e-01
+4.400000e+01,+1.141713e-03,+6.662036e-01,+6.663926e-01
+4.500000e+01,+1.127132e-03,+6.662165e-01,+6.663934e-01
+4.600000e+01,+1.109842e-03,+6.662333e-01,+6.663923e-01
+4.700000e+01,+1.089965e-03,+6.662538e-01,+6.663889e-01
+4.800000e+01,+1.067626e-03,+6.662778e-01,+6.663834e-01
+4.900000e+01,+1.042958e-03,+6.663047e-01,+6.663755e-01
+5.000000e+01,+1.016100e-03,+6.663343e-01,+6.663656e-01
+5.100000e+01,+9.871969e-04,+6.663659e-01,+6.663536e-01
+5.200000e+01,+9.563958e-04,+6.663991e-01,+6.663399e-01
+5.300000e+01,+9.238503e-04,+6.664333e-01,+6.663248e-01
+5.400000e+01,+8.897179e-04,+6.664680e-01,+6.663085e-01
+5.500000e+01,+8.541610e-04,+6.665025e-01,+6.662915e-01
+5.600000e+01,+8.173473e-04,+6.665364e-01,+6.662741e-01
+5.700000e+01,+7.794504e-04,+6.665690e-01,+6.662568e-01
+5.800000e+01,+7.406517e-04,+6.665999e-01,+6.662400e-01
+5.900000e+01,+7.011414e-04,+6.666286e-01,+6.662239e-01
+6.000000e+01,+6.611217e-04,+6.666546e-01,+6.662090e-01
+6.100000e+01,+6.208096e-04,+6.666776e-01,+6.661956e-01
+6.200000e+01,+5.804419e-04,+6.666973e-01,+6.661838e-01
+6.300000e+01,+5.402810e-04,+6.667135e-01,+6.661739e-01
+6.400000e+01,+5.006238e-04,+6.667261e-01,+6.661660e-01
+6.500000e+01,+4.618123e-04,+6.667348e-01,+6.661600e-01
+6.600000e+01,+4.242490e-04,+6.667398e-01,+6.661561e-01
+6.700000e+01,+3.884147e-04,+6.667412e-01,+6.661540e-01
+6.800000e+01,+3.548901e-04,+6.667390e-01,+6.661536e-01
+6.900000e+01,+3.243740e-04,+6.667335e-01,+6.661549e-01
+7.000000e+01,+2.976886e-04,+6.667250e-01,+6.661574e-01
+7.100000e+01,+2.757461e-04,+6.667137e-01,+6.661610e-01
+7.200000e+01,+2.594470e-04,+6.667002e-01,+6.661653e-01
+7.300000e+01,+2.494933e-04,+6.666846e-01,+6.661701e-01
+7.400000e+01,+2.461612e-04,+6.666676e-01,+6.661752e-01
+7.500000e+01,+2.491553e-04,+6.666495e-01,+6.661803e-01
+7.600000e+01,+2.576510e-04,+6.666307e-01,+6.661851e-01
+7.700000e+01,+2.705061e-04,+6.666118e-01,+6.661896e-01
+7.800000e+01,+2.865088e-04,+6.665930e-01,+6.661936e-01
+7.900000e+01,+3.045511e-04,+6.665749e-01,+6.661971e-01
+8.000000e+01,+3.237047e-04,+6.665577e-01,+6.662001e-01
+8.100000e+01,+3.432296e-04,+6.665417e-01,+6.662026e-01
+8.200000e+01,+3.625526e-04,+6.665272e-01,+6.662049e-01
+8.300000e+01,+3.812372e-04,+6.665144e-01,+6.662071e-01
+8.400000e+01,+3.989570e-04,+6.665034e-01,+6.662095e-01
+8.500000e+01,+4.154739e-04,+6.664943e-01,+6.662124e-01
+8.600000e+01,+4.306231e-04,+6.664871e-01,+6.662160e-01
+8.700000e+01,+4.443020e-04,+6.664817e-01,+6.662207e-01
+8.800000e+01,+4.564632e-04,+6.664781e-01,+6.662269e-01
+8.900000e+01,+4.671097e-04,+6.664761e-01,+6.662349e-01
+9.000000e+01,+4.762920e-04,+6.664754e-01,+6.662449e-01
+9.100000e+01,+4.841063e-04,+6.664758e-01,+6.662572e-01
+9.200000e+01,+4.906928e-04,+6.664771e-01,+6.662720e-01
+9.300000e+01,+4.962343e-04,+6.664788e-01,+6.662894e-01
+9.400000e+01,+5.009541e-04,+6.664807e-01,+6.663096e-01
+9.500000e+01,+5.051121e-04,+6.664823e-01,+6.663324e-01
+9.600000e+01,+5.089998e-04,+6.664834e-01,+6.663577e-01
+9.700000e+01,+5.129329e-04,+6.664835e-01,+6.663854e-01
+9.800000e+01,+5.172409e-04,+6.664824e-01,+6.664153e-01
+9.900000e+01,+5.222546e-04,+6.664798e-01,+6.664469e-01
+1.000000e+02,+5.282907e-04,+6.664753e-01,+6.664799e-01
+1.010000e+02,+5.356360e-04,+6.664687e-01,+6.665138e-01
+1.020000e+02,+5.445309e-04,+6.664599e-01,+6.665482e-01
+1.030000e+02,+5.551550e-04,+6.664488e-01,+6.665825e-01
+1.040000e+02,+5.676164e-04,+6.664352e-01,+6.666162e-01
+1.050000e+02,+5.819460e-04,+6.664193e-01,+6.666488e-01
+1.060000e+02,+5.980965e-04,+6.664009e-01,+6.666799e-01
+1.070000e+02,+6.159475e-04,+6.663804e-01,+6.667088e-01
+1.080000e+02,+6.353134e-04,+6.663578e-01,+6.667353e-01
+1.090000e+02,+6.559554e-04,+6.663335e-01,+6.667590e-01
+1.100000e+02,+6.775934e-04,+6.663077e-01,+6.667797e-01
+1.110000e+02,+6.999185e-04,+6.662808e-01,+6.667970e-01
+1.120000e+02,+7.226046e-04,+6.662533e-01,+6.668110e-01
+1.130000e+02,+7.453185e-04,+6.662255e-01,+6.668215e-01
+1.140000e+02,+7.677284e-04,+6.661980e-01,+6.668285e-01
+1.150000e+02,+7.895105e-04,+6.661712e-01,+6.668323e-01
+1.160000e+02,+8.103554e-04,+6.661456e-01,+6.668328e-01
+1.170000e+02,+8.299717e-04,+6.661218e-01,+6.668304e-01
+1.180000e+02,+8.480902e-04,+6.661002e-01,+6.668253e-01
+1.190000e+02,+8.644659e-04,+6.660813e-01,+6.668178e-01
+1.200000e+02,+8.788811e-04,+6.660654e-01,+6.668080e-01
+1.210000e+02,+8.911460e-04,+6.660531e-01,+6.667964e-01
+1.220000e+02,+9.011009e-04,+6.660445e-01,+6.667832e-01
+1.230000e+02,+9.086163e-04,+6.660400e-01,+6.667686e-01
+1.240000e+02,+9.135942e-04,+6.660398e-01,+6.667529e-01
+1.250000e+02,+9.159680e-04,+6.660439e-01,+6.667361e-01
+1.260000e+02,+9.157029e-04,+6.660525e-01,+6.667184e-01
+1.270000e+02,+9.127955e-04,+6.660656e-01,+6.667000e-01
+1.280000e+02,+9.072738e-04,+6.660829e-01,+6.666807e-01
+1.290000e+02,+8.991965e-04,+6.661043e-01,+6.666606e-01
+1.300000e+02,+8.886523e-04,+6.661297e-01,+6.666395e-01
+1.310000e+02,+8.757588e-04,+6.661586e-01,+6.666175e-01
+1.320000e+02,+8.606617e-04,+6.661907e-01,+6.665943e-01
+1.330000e+02,+8.435331e-04,+6.662256e-01,+6.665698e-01
+1.340000e+02,+8.245705e-04,+6.662629e-01,+6.665439e-01
+1.350000e+02,+8.039942e-04,+6.663019e-01,+6.665164e-01
+1.360000e+02,+7.820464e-04,+6.663421e-01,+6.664873e-01
+1.370000e+02,+7.589878e-04,+6.663831e-01,+6.664563e-01
+1.380000e+02,+7.350957e-04,+6.664243e-01,+6.664236e-01
+1.390000e+02,+7.106606e-04,+6.664652e-01,+6.663890e-01
+1.400000e+02,+6.859823e-04,+6.665051e-01,+6.663527e-01
+1.410000e+02,+6.613657e-04,+6.665437e-01,+6.663149e-01
+1.420000e+02,+6.371152e-04,+6.665805e-01,+6.662757e-01
+1.430000e+02,+6.135282e-04,+6.666150e-01,+6.662353e-01
+1.440000e+02,+5.908875e-04,+6.666469e-01,+6.661941e-01
+1.450000e+02,+5.694526e-04,+6.666759e-01,+6.661526e-01
+1.460000e+02,+5.494500e-04,+6.667018e-01,+6.661110e-01
+1.470000e+02,+5.310626e-04,+6.667243e-01,+6.660698e-01
+1.480000e+02,+5.144209e-04,+6.667435e-01,+6.660296e-01
+1.490000e+02,+4.995940e-04,+6.667591e-01,+6.659908e-01
+1.500000e+02,+4.865848e-04,+6.667713e-01,+6.659538e-01
+1.510000e+02,+4.753279e-04,+6.667802e-01,+6.659192e-01
+1.520000e+02,+4.656933e-04,+6.667858e-01,+6.658874e-01
+1.530000e+02,+4.574930e-04,+6.667884e-01,+6.658588e-01
+1.540000e+02,+4.504927e-04,+6.667882e-01,+6.658337e-01
+1.550000e+02,+4.444251e-04,+6.667855e-01,+6.658123e-01
+1.560000e+02,+4.390048e-04,+6.667807e-01,+6.657950e-01
+1.570000e+02,+4.339419e-04,+6.667740e-01,+6.657819e-01
+1.580000e+02,+4.289546e-04,+6.667658e-01,+6.657730e-01
+1.590000e+02,+4.237791e-04,+6.667564e-01,+6.657683e-01
+1.600000e+02,+4.181776e-04,+6.667463e-01,+6.657678e-01
+1.610000e+02,+4.119431e-04,+6.667358e-01,+6.657713e-01
+1.620000e+02,+4.049034e-04,+6.667251e-01,+6.657786e-01
+1.630000e+02,+3.969230e-04,+6.667146e-01,+6.657895e-01
+1.640000e+02,+3.879043e-04,+6.667046e-01,+6.658037e-01
+1.650000e+02,+3.777884e-04,+6.666952e-01,+6.658209e-01
+1.660000e+02,+3.665562e-04,+6.666866e-01,+6.658408e-01
+1.670000e+02,+3.542296e-04,+6.666789e-01,+6.658630e-01
+1.680000e+02,+3.408743e-04,+6.666722e-01,+6.658872e-01
+1.690000e+02,+3.266037e-04,+6.666665e-01,+6.659131e-01
+1.700000e+02,+3.115855e-04,+6.666618e-01,+6.659404e-01
+1.710000e+02,+2.960504e-04,+6.666579e-01,+6.659688e-01
+1.720000e+02,+2.803047e-04,+6.666548e-01,+6.659981e-01
+1.730000e+02,+2.647463e-04,+6.666522e-01,+6.660282e-01
+1.740000e+02,+2.498820e-04,+6.666498e-01,+6.660589e-01
+1.750000e+02,+2.363414e-04,+6.666475e-01,+6.660900e-01
+1.760000e+02,+2.248767e-04,+6.666449e-01,+6.661215e-01
+1.770000e+02,+2.163279e-04,+6.666418e-01,+6.661534e-01
+1.780000e+02,+2.115359e-04,+6.666378e-01,+6.661857e-01
+1.790000e+02,+2.111997e-04,+6.666326e-01,+6.662184e-01
+1.800000e+02,+2.157218e-04,+6.666258e-01,+6.662515e-01
+1.810000e+02,+2.251181e-04,+6.666173e-01,+6.662851e-01
+1.820000e+02,+2.390454e-04,+6.666068e-01,+6.663191e-01
+1.830000e+02,+2.569235e-04,+6.665940e-01,+6.663537e-01
+1.840000e+02,+2.780770e-04,+6.665787e-01,+6.663889e-01
+1.850000e+02,+3.018413e-04,+6.665608e-01,+6.664246e-01
+1.860000e+02,+3.276173e-04,+6.665403e-01,+6.664607e-01
+1.870000e+02,+3.548886e-04,+6.665172e-01,+6.664973e-01
+1.880000e+02,+3.832178e-04,+6.664914e-01,+6.665341e-01
+1.890000e+02,+4.122349e-04,+6.664631e-01,+6.665711e-01
+1.900000e+02,+4.416240e-04,+6.664325e-01,+6.666079e-01
+1.910000e+02,+4.711118e-04,+6.663997e-01,+6.666445e-01
+1.920000e+02,+5.004582e-04,+6.663652e-01,+6.666804e-01
+1.930000e+02,+5.294489e-04,+6.663292e-01,+6.667154e-01
+1.940000e+02,+5.578898e-04,+6.662921e-01,+6.667493e-01
+1.950000e+02,+5.856031e-04,+6.662544e-01,+6.667815e-01
+1.960000e+02,+6.124241e-04,+6.662166e-01,+6.668119e-01
+1.970000e+02,+6.381993e-04,+6.661791e-01,+6.668401e-01
+1.980000e+02,+6.627848e-04,+6.661424e-01,+6.668657e-01
+1.990000e+02,+6.860454e-04,+6.661070e-01,+6.668884e-01
+2.000000e+02,+7.078536e-04,+6.660735e-01,+6.669081e-01
+2.010000e+02,+7.280900e-04,+6.660424e-01,+6.669244e-01
+2.020000e+02,+7.466422e-04,+6.660140e-01,+6.669372e-01
+2.030000e+02,+7.634060e-04,+6.659890e-01,+6.669464e-01
+2.040000e+02,+7.782847e-04,+6.659675e-01,+6.669519e-01
+2.050000e+02,+7.911899e-04,+6.659500e-01,+6.669537e-01
+2.060000e+02,+8.020421e-04,+6.659368e-01,+6.669518e-01
+2.070000e+02,+8.107707e-04,+6.659280e-01,+6.669463e-01
+2.080000e+02,+8.173150e-04,+6.659238e-01,+6.669374e-01
+2.090000e+02,+8.216248e-04,+6.659243e-01,+6.669253e-01
+2.100000e+02,+8.236606e-04,+6.659296e-01,+6.669102e-01
+2.110000e+02,+8.233948e-04,+6.659394e-01,+6.668923e-01
+2.120000e+02,+8.208119e-04,+6.659538e-01,+6.668721e-01
+2.130000e+02,+8.159091e-04,+6.659724e-01,+6.668497e-01
+2.140000e+02,+8.086972e-04,+6.659951e-01,+6.668255e-01
+2.150000e+02,+7.992007e-04,+6.660214e-01,+6.667998e-01
+2.160000e+02,+7.874585e-04,+6.660511e-01,+6.667729e-01
+2.170000e+02,+7.735241e-04,+6.660837e-01,+6.667450e-01
+2.180000e+02,+7.574658e-04,+6.661187e-01,+6.667164e-01
+2.190000e+02,+7.393675e-04,+6.661557e-01,+6.666873e-01
+2.200000e+02,+7.193282e-04,+6.661942e-01,+6.666579e-01
+2.210000e+02,+6.974621e-04,+6.662336e-01,+6.666282e-01
+2.220000e+02,+6.738990e-04,+6.662734e-01,+6.665984e-01
+2.230000e+02,+6.487842e-04,+6.663132e-01,+6.665685e-01
+2.240000e+02,+6.222780e-04,+6.663525e-01,+6.665386e-01
+2.250000e+02,+5.945559e-04,+6.663908e-01,+6.665086e-01
+2.260000e+02,+5.658084e-04,+6.664278e-01,+6.664784e-01
+2.270000e+02,+5.362414e-04,+6.664630e-01,+6.664481e-01
+2.280000e+02,+5.060757e-04,+6.664961e-01,+6.664175e-01
+2.290000e+02,+4.755476e-04,+6.665269e-01,+6.663866e-01
+2.300000e+02,+4.449096e-04,+6.665552e-01,+6.663554e-01
+2.310000e+02,+4.144310e-04,+6.665808e-01,+6.663237e-01
+2.320000e+02,+3.843994e-04,+6.666037e-01,+6.662916e-01
+2.330000e+02,+3.551217e-04,+6.666238e-01,+6.662591e-01
+2.340000e+02,+3.269259e-04,+6.666411e-01,+6.662263e-01
+2.350000e+02,+3.001610e-04,+6.666559e-01,+6.661931e-01
+2.360000e+02,+2.751953e-04,+6.666681e-01,+6.661598e-01
+2.370000e+02,+2.524091e-04,+6.666780e-01,+6.661265e-01
+2.380000e+02,+2.321781e-04,+6.666858e-01,+6.660934e-01
+2.390000e+02,+2.148433e-04,+6.666918e-01,+6.660607e-01
+2.400000e+02,+2.006644e-04,+6.666962e-01,+6.660288e-01
+2.410000e+02,+1.897617e-04,+6.666993e-01,+6.659978e-01
+2.420000e+02,+1.820641e-04,+6.667015e-01,+6.659681e-01
+2.430000e+02,+1.772870e-04,+6.667031e-01,+6.659400e-01
+2.440000e+02,+1.749579e-04,+6.667042e-01,+6.659138e-01
+2.450000e+02,+1.744856e-04,+6.667053e-01,+6.658897e-01
+2.460000e+02,+1.752450e-04,+6.667065e-01,+6.658682e-01
+2.470000e+02,+1.766520e-04,+6.667080e-01,+6.658493e-01
+2.480000e+02,+1.782116e-04,+6.667100e-01,+6.658333e-01
+2.490000e+02,+1.795410e-04,+6.667127e-01,+6.658203e-01
+2.500000e+02,+1.803763e-04,+6.667161e-01,+6.658105e-01
+2.510000e+02,+1.805705e-04,+6.667203e-01,+6.658040e-01
+2.520000e+02,+1.800894e-04,+6.667251e-01,+6.658007e-01
+2.530000e+02,+1.790090e-04,+6.667306e-01,+6.658007e-01
+2.540000e+02,+1.775142e-04,+6.667367e-01,+6.658037e-01
+2.550000e+02,+1.758975e-04,+6.667431e-01,+6.658098e-01
+2.560000e+02,+1.745544e-04,+6.667496e-01,+6.658188e-01
+2.570000e+02,+1.739699e-04,+6.667560e-01,+6.658304e-01
+2.580000e+02,+1.746870e-04,+6.667621e-01,+6.658445e-01
+2.590000e+02,+1.772561e-04,+6.667674e-01,+6.658607e-01
+2.600000e+02,+1.821659e-04,+6.667718e-01,+6.658790e-01
+2.610000e+02,+1.897744e-04,+6.667749e-01,+6.658989e-01
+2.620000e+02,+2.002614e-04,+6.667764e-01,+6.659204e-01
+2.630000e+02,+2.136211e-04,+6.667759e-01,+6.659431e-01
+2.640000e+02,+2.296894e-04,+6.667732e-01,+6.659669e-01
+2.650000e+02,+2.481931e-04,+6.667680e-01,+6.659916e-01
+2.660000e+02,+2.687974e-04,+6.667601e-01,+6.660170e-01
+2.670000e+02,+2.911451e-04,+6.667492e-01,+6.660431e-01
+2.680000e+02,+3.148799e-04,+6.667354e-01,+6.660698e-01
+2.690000e+02,+3.396605e-04,+6.667184e-01,+6.660970e-01
+2.700000e+02,+3.651663e-04,+6.666983e-01,+6.661247e-01
+2.710000e+02,+3.910987e-04,+6.666750e-01,+6.661529e-01
+2.720000e+02,+4.171815e-04,+6.666487e-01,+6.661817e-01
+2.730000e+02,+4.431589e-04,+6.666195e-01,+6.662110e-01
+2.740000e+02,+4.687947e-04,+6.665876e-01,+6.662408e-01
+2.750000e+02,+4.938708e-04,+6.665532e-01,+6.662714e-01
+2.760000e+02,+5.181864e-04,+6.665168e-01,+6.663025e-01
+2.770000e+02,+5.415570e-04,+6.664786e-01,+6.663344e-01
+2.780000e+02,+5.638142e-04,+6.664390e-01,+6.663669e-01
+2.790000e+02,+5.848049e-04,+6.663985e-01,+6.664000e-01
+2.800000e+02,+6.043911e-04,+6.663576e-01,+6.664337e-01
+2.810000e+02,+6.224498e-04,+6.663167e-01,+6.664679e-01
+2.820000e+02,+6.388727e-04,+6.662763e-01,+6.665024e-01
+2.830000e+02,+6.535657e-04,+6.662370e-01,+6.665372e-01
+2.840000e+02,+6.664493e-04,+6.661991e-01,+6.665719e-01
+2.850000e+02,+6.774575e-04,+6.661632e-01,+6.666064e-01
+2.860000e+02,+6.865383e-04,+6.661297e-01,+6.666404e-01
+2.870000e+02,+6.936529e-04,+6.660989e-01,+6.666736e-01
+2.880000e+02,+6.987754e-04,+6.660714e-01,+6.667058e-01
+2.890000e+02,+7.018926e-04,+6.660473e-01,+6.667366e-01
+2.900000e+02,+7.030032e-04,+6.660269e-01,+6.667659e-01
+2.910000e+02,+7.021178e-04,+6.660105e-01,+6.667932e-01
+2.920000e+02,+6.992579e-04,+6.659981e-01,+6.668183e-01
+2.930000e+02,+6.944558e-04,+6.659899e-01,+6.668410e-01
+2.940000e+02,+6.877537e-04,+6.659858e-01,+6.668610e-01
+2.950000e+02,+6.792037e-04,+6.659857e-01,+6.668781e-01
+2.960000e+02,+6.688667e-04,+6.659897e-01,+6.668923e-01
+2.970000e+02,+6.568124e-04,+6.659974e-01,+6.669033e-01
+2.980000e+02,+6.431187e-04,+6.660087e-01,+6.669111e-01
+2.990000e+02,+6.278713e-04,+6.660232e-01,+6.669157e-01
+3.000000e+02,+6.111632e-04,+6.660407e-01,+6.669171e-01
+3.010000e+02,+5.930946e-04,+6.660607e-01,+6.669154e-01
+3.020000e+02,+5.737728e-04,+6.660829e-01,+6.669106e-01
+3.030000e+02,+5.533119e-04,+6.661069e-01,+6.669029e-01
+3.040000e+02,+5.318333e-04,+6.661322e-01,+6.668924e-01
+3.050000e+02,+5.094653e-04,+6.661584e-01,+6.668793e-01
+3.060000e+02,+4.863443e-04,+6.661852e-01,+6.668639e-01
+3.070000e+02,+4.626151e-04,+6.662120e-01,+6.668462e-01
+3.080000e+02,+4.384322e-04,+6.662386e-01,+6.668266e-01
+3.090000e+02,+4.139616e-04,+6.662645e-01,+6.668052e-01
+3.100000e+02,+3.893824e-04,+6.662895e-01,+6.667822e-01
+3.110000e+02,+3.648902e-04,+6.663134e-01,+6.667579e-01
+3.120000e+02,+3.407008e-04,+6.663358e-01,+6.667323e-01
+3.130000e+02,+3.170542e-04,+6.663566e-01,+6.667057e-01
+3.140000e+02,+2.942205e-04,+6.663757e-01,+6.666782e-01
+3.150000e+02,+2.725053e-04,+6.663931e-01,+6.666498e-01
+3.160000e+02,+2.522537e-04,+6.664087e-01,+6.666208e-01
+3.170000e+02,+2.338503e-04,+6.664225e-01,+6.665910e-01
+3.180000e+02,+2.177104e-04,+6.664348e-01,+6.665607e-01
+3.190000e+02,+2.042542e-04,+6.664454e-01,+6.665298e-01
+3.200000e+02,+1.938593e-04,+6.664548e-01,+6.664984e-01
+3.210000e+02,+1.867931e-04,+6.664630e-01,+6.664665e-01
+3.220000e+02,+1.831417e-04,+6.664703e-01,+6.664341e-01
+3.230000e+02,+1.827666e-04,+6.664769e-01,+6.664013e-01
+3.240000e+02,+1.853138e-04,+6.664832e-01,+6.663681e-01
+3.250000e+02,+1.902760e-04,+6.664892e-01,+6.663346e-01
+3.260000e+02,+1.970771e-04,+6.664954e-01,+6.663008e-01
+3.270000e+02,+2.051475e-04,+6.665020e-01,+6.662669e-01
+3.280000e+02,+2.139725e-04,+6.665091e-01,+6.662329e-01
+3.290000e+02,+2.231143e-04,+6.665170e-01,+6.661991e-01
+3.300000e+02,+2.322151e-04,+6.665258e-01,+6.661655e-01
+3.310000e+02,+2.409921e-04,+6.665358e-01,+6.661325e-01
+3.320000e+02,+2.492274e-04,+6.665468e-01,+6.661001e-01
+3.330000e+02,+2.567599e-04,+6.665591e-01,+6.660686e-01
+3.340000e+02,+2.634769e-04,+6.665726e-01,+6.660383e-01
+3.350000e+02,+2.693084e-04,+6.665872e-01,+6.660094e-01
+3.360000e+02,+2.742226e-04,+6.666028e-01,+6.659822e-01
+3.370000e+02,+2.782228e-04,+6.666194e-01,+6.659570e-01
+3.380000e+02,+2.813458e-04,+6.666366e-01,+6.659338e-01
+3.390000e+02,+2.836599e-04,+6.666543e-01,+6.659131e-01
+3.400000e+02,+2.852646e-04,+6.666722e-01,+6.658950e-01
+3.410000e+02,+2.862895e-04,+6.666901e-01,+6.658796e-01
+3.420000e+02,+2.868928e-04,+6.667075e-01,+6.658671e-01
+3.430000e+02,+2.872593e-04,+6.667243e-01,+6.658576e-01
+3.440000e+02,+2.875970e-04,+6.667399e-01,+6.658511e-01
+3.450000e+02,+2.881318e-04,+6.667542e-01,+6.658478e-01
+3.460000e+02,+2.890999e-04,+6.667667e-01,+6.658475e-01
+3.470000e+02,+2.907378e-04,+6.667771e-01,+6.658502e-01
+3.480000e+02,+2.932710e-04,+6.667852e-01,+6.658559e-01
+3.490000e+02,+2.969001e-04,+6.667907e-01,+6.658643e-01
+3.500000e+02,+3.017887e-04,+6.667933e-01,+6.658754e-01
+3.510000e+02,+3.080522e-04,+6.667930e-01,+6.658889e-01
+3.520000e+02,+3.157508e-04,+6.667894e-01,+6.659046e-01
+3.530000e+02,+3.248864e-04,+6.667826e-01,+6.659223e-01
+3.540000e+02,+3.354052e-04,+6.667725e-01,+6.659418e-01
+3.550000e+02,+3.472033e-04,+6.667592e-01,+6.659628e-01
+3.560000e+02,+3.601357e-04,+6.667427e-01,+6.659852e-01
+3.570000e+02,+3.740259e-04,+6.667231e-01,+6.660086e-01
+3.580000e+02,+3.886759e-04,+6.667007e-01,+6.660329e-01
+3.590000e+02,+4.038744e-04,+6.666757e-01,+6.660579e-01
+3.600000e+02,+4.194049e-04,+6.666484e-01,+6.660835e-01
+3.610000e+02,+4.350510e-04,+6.666191e-01,+6.661094e-01
+3.620000e+02,+4.506010e-04,+6.665882e-01,+6.661356e-01
+3.630000e+02,+4.658513e-04,+6.665560e-01,+6.661620e-01
+3.640000e+02,+4.806085e-04,+6.665231e-01,+6.661885e-01
+3.650000e+02,+4.946916e-04,+6.664897e-01,+6.662150e-01
+3.660000e+02,+5.079330e-04,+6.664564e-01,+6.662414e-01
+3.670000e+02,+5.201791e-04,+6.664236e-01,+6.662679e-01
+3.680000e+02,+5.312918e-04,+6.663917e-01,+6.662943e-01
+3.690000e+02,+5.411482e-04,+6.663611e-01,+6.663207e-01
+3.700000e+02,+5.496414e-04,+6.663322e-01,+6.663469e-01
+3.710000e+02,+5.566806e-04,+6.663053e-01,+6.663731e-01
+3.720000e+02,+5.621915e-04,+6.662807e-01,+6.663991e-01
+3.730000e+02,+5.661164e-04,+6.662587e-01,+6.664250e-01
+3.740000e+02,+5.684143e-04,+6.662394e-01,+6.664506e-01
+3.750000e+02,+5.690607e-04,+6.662230e-01,+6.664759e-01
+3.760000e+02,+5.680477e-04,+6.662097e-01,+6.665008e-01
+3.770000e+02,+5.653839e-04,+6.661993e-01,+6.665253e-01
+3.780000e+02,+5.610944e-04,+6.661920e-01,+6.665490e-01
+3.790000e+02,+5.552202e-04,+6.661876e-01,+6.665720e-01
+3.800000e+02,+5.478181e-04,+6.661861e-01,+6.665941e-01
+3.810000e+02,+5.389603e-04,+6.661872e-01,+6.666150e-01
+3.820000e+02,+5.287341e-04,+6.661907e-01,+6.666347e-01
+3.830000e+02,+5.172412e-04,+6.661963e-01,+6.666530e-01
+3.840000e+02,+5.045977e-04,+6.662038e-01,+6.666697e-01
+3.850000e+02,+4.909329e-04,+6.662129e-01,+6.666847e-01
+3.860000e+02,+4.763893e-04,+6.662232e-01,+6.666977e-01
+3.870000e+02,+4.611217e-04,+6.662344e-01,+6.667089e-01
+3.880000e+02,+4.452962e-04,+6.662462e-01,+6.667179e-01
+3.890000e+02,+4.290898e-04,+6.662582e-01,+6.667248e-01
+3.900000e+02,+4.126887e-04,+6.662702e-01,+6.667296e-01
+3.910000e+02,+3.962870e-04,+6.662817e-01,+6.667322e-01
+3.920000e+02,+3.800847e-04,+6.662926e-01,+6.667326e-01
+3.930000e+02,+3.642847e-04,+6.663027e-01,+6.667310e-01
+3.940000e+02,+3.490892e-04,+6.663116e-01,+6.667274e-01
+3.950000e+02,+3.346946e-04,+6.663194e-01,+6.667219e-01
+3.960000e+02,+3.212850e-04,+6.663258e-01,+6.667147e-01
+3.970000e+02,+3.090250e-04,+6.663308e-01,+6.667059e-01
+3.980000e+02,+2.980502e-04,+6.663345e-01,+6.666957e-01
+3.990000e+02,+2.884586e-04,+6.663368e-01,+6.666842e-01
+4.000000e+02,+2.803025e-04,+6.663378e-01,+6.666717e-01
+4.010000e+02,+2.735821e-04,+6.663376e-01,+6.666584e-01
+4.020000e+02,+2.682433e-04,+6.663364e-01,+6.666443e-01
+4.030000e+02,+2.641801e-04,+6.663345e-01,+6.666297e-01
+4.040000e+02,+2.612408e-04,+6.663319e-01,+6.666148e-01
+4.050000e+02,+2.592385e-04,+6.663290e-01,+6.665996e-01
+4.060000e+02,+2.579635e-04,+6.663261e-01,+6.665842e-01
+4.070000e+02,+2.571956e-04,+6.663233e-01,+6.665689e-01
+4.080000e+02,+2.567156e-04,+6.663210e-01,+6.665535e-01
+4.090000e+02,+2.563152e-04,+6.663194e-01,+6.665382e-01
+4.100000e+02,+2.558035e-04,+6.663188e-01,+6.665230e-01
+4.110000e+02,+2.550123e-04,+6.663194e-01,+6.665080e-01
+4.120000e+02,+2.537986e-04,+6.663214e-01,+6.664930e-01
+4.130000e+02,+2.520463e-04,+6.663250e-01,+6.664780e-01
+4.140000e+02,+2.496674e-04,+6.663304e-01,+6.664631e-01
+4.150000e+02,+2.466013e-04,+6.663375e-01,+6.664482e-01
+4.160000e+02,+2.428156e-04,+6.663466e-01,+6.664332e-01
+4.170000e+02,+2.383064e-04,+6.663575e-01,+6.664181e-01
+4.180000e+02,+2.330985e-04,+6.663703e-01,+6.664029e-01
+4.190000e+02,+2.272472e-04,+6.663849e-01,+6.663875e-01
+4.200000e+02,+2.208398e-04,+6.664010e-01,+6.663719e-01
+4.210000e+02,+2.139990e-04,+6.664187e-01,+6.663562e-01
+4.220000e+02,+2.068858e-04,+6.664375e-01,+6.663403e-01
+4.230000e+02,+1.997034e-04,+6.664574e-01,+6.663243e-01
+4.240000e+02,+1.927009e-04,+6.664780e-01,+6.663082e-01
+4.250000e+02,+1.861743e-04,+6.664990e-01,+6.662921e-01
+4.260000e+02,+1.804629e-04,+6.665200e-01,+6.662761e-01
+4.270000e+02,+1.759376e-04,+6.665409e-01,+6.662603e-01
+4.280000e+02,+1.729774e-04,+6.665611e-01,+6.662448e-01
+4.290000e+02,+1.719331e-04,+6.665804e-01,+6.662298e-01
+4.300000e+02,+1.730837e-04,+6.665984e-01,+6.662152e-01
+4.310000e+02,+1.765966e-04,+6.666149e-01,+6.662014e-01
+4.320000e+02,+1.825059e-04,+6.666296e-01,+6.661883e-01
+4.330000e+02,+1.907159e-04,+6.666421e-01,+6.661761e-01
+4.340000e+02,+2.010283e-04,+6.666524e-01,+6.661648e-01
+4.350000e+02,+2.131792e-04,+6.666602e-01,+6.661547e-01
+4.360000e+02,+2.268748e-04,+6.666653e-01,+6.661456e-01
+4.370000e+02,+2.418181e-04,+6.666678e-01,+6.661377e-01
+4.380000e+02,+2.577260e-04,+6.666676e-01,+6.661310e-01
+4.390000e+02,+2.743367e-04,+6.666648e-01,+6.661255e-01
+4.400000e+02,+2.914123e-04,+6.666593e-01,+6.661212e-01
+4.410000e+02,+3.087385e-04,+6.666513e-01,+6.661181e-01
+4.420000e+02,+3.261220e-04,+6.666410e-01,+6.661160e-01
+4.430000e+02,+3.433882e-04,+6.666286e-01,+6.661150e-01
+4.440000e+02,+3.603787e-04,+6.666144e-01,+6.661149e-01
+4.450000e+02,+3.769491e-04,+6.665986e-01,+6.661156e-01
+4.460000e+02,+3.929676e-04,+6.665816e-01,+6.661171e-01
+4.470000e+02,+4.083132e-04,+6.665636e-01,+6.661193e-01
+4.480000e+02,+4.228751e-04,+6.665451e-01,+6.661221e-01
+4.490000e+02,+4.365514e-04,+6.665264e-01,+6.661253e-01
+4.500000e+02,+4.492491e-04,+6.665078e-01,+6.661289e-01
+4.510000e+02,+4.608837e-04,+6.664897e-01,+6.661328e-01
+4.520000e+02,+4.713786e-04,+6.664723e-01,+6.661370e-01
+4.530000e+02,+4.806654e-04,+6.664561e-01,+6.661414e-01
+4.540000e+02,+4.886840e-04,+6.664413e-01,+6.661461e-01
+4.550000e+02,+4.953821e-04,+6.664280e-01,+6.661509e-01
+4.560000e+02,+5.007159e-04,+6.664166e-01,+6.661560e-01
+4.570000e+02,+5.046502e-04,+6.664071e-01,+6.661613e-01
+4.580000e+02,+5.071580e-04,+6.663997e-01,+6.661669e-01
+4.590000e+02,+5.082215e-04,+6.663944e-01,+6.661728e-01
+4.600000e+02,+5.078315e-04,+6.663913e-01,+6.661791e-01
+4.610000e+02,+5.059882e-04,+6.663902e-01,+6.661858e-01
+4.620000e+02,+5.027011e-04,+6.663911e-01,+6.661931e-01
+4.630000e+02,+4.979889e-04,+6.663940e-01,+6.662010e-01
+4.640000e+02,+4.918802e-04,+6.663985e-01,+6.662095e-01
+4.650000e+02,+4.844131e-04,+6.664045e-01,+6.662187e-01
+4.660000e+02,+4.756356e-04,+6.664117e-01,+6.662286e-01
+4.670000e+02,+4.656056e-04,+6.664199e-01,+6.662393e-01
+4.680000e+02,+4.543909e-04,+6.664287e-01,+6.662507e-01
+4.690000e+02,+4.420695e-04,+6.664380e-01,+6.662629e-01
+4.700000e+02,+4.287292e-04,+6.664473e-01,+6.662758e-01
+4.710000e+02,+4.144682e-04,+6.664564e-01,+6.662893e-01
+4.720000e+02,+3.993949e-04,+6.664649e-01,+6.663034e-01
+4.730000e+02,+3.836283e-04,+6.664726e-01,+6.663180e-01
+4.740000e+02,+3.672980e-04,+6.664792e-01,+6.663331e-01
+4.750000e+02,+3.505443e-04,+6.664845e-01,+6.663484e-01
+4.760000e+02,+3.335192e-04,+6.664883e-01,+6.663639e-01
+4.770000e+02,+3.163859e-04,+6.664904e-01,+6.663794e-01
+4.780000e+02,+2.993196e-04,+6.664907e-01,+6.663949e-01
+4.790000e+02,+2.825077e-04,+6.664892e-01,+6.664101e-01
+4.800000e+02,+2.661492e-04,+6.664857e-01,+6.664250e-01
+4.810000e+02,+2.504534e-04,+6.664803e-01,+6.664394e-01
+4.820000e+02,+2.356376e-04,+6.664731e-01,+6.664533e-01
+4.830000e+02,+2.219215e-04,+6.664641e-01,+6.664666e-01
+4.840000e+02,+2.095185e-04,+6.664536e-01,+6.664792e-01
+4.850000e+02,+1.986234e-04,+6.664416e-01,+6.664910e-01
+4.860000e+02,+1.893946e-04,+6.664285e-01,+6.665020e-01
+4.870000e+02,+1.819351e-04,+6.664144e-01,+6.665122e-01
+4.880000e+02,+1.762739e-04,+6.663997e-01,+6.665216e-01
+4.890000e+02,+1.723544e-04,+6.663846e-01,+6.665302e-01
+4.900000e+02,+1.700341e-04,+6.663695e-01,+6.665380e-01
+4.910000e+02,+1.690966e-04,+6.663545e-01,+6.665451e-01
+4.920000e+02,+1.692749e-04,+6.663401e-01,+6.665515e-01
+4.930000e+02,+1.702774e-04,+6.663265e-01,+6.665572e-01
+4.940000e+02,+1.718132e-04,+6.663140e-01,+6.665624e-01
+4.950000e+02,+1.736117e-04,+6.663029e-01,+6.665670e-01
+4.960000e+02,+1.754355e-04,+6.662932e-01,+6.665712e-01
+4.970000e+02,+1.770869e-04,+6.662854e-01,+6.665749e-01
+4.980000e+02,+1.784112e-04,+6.662794e-01,+6.665782e-01
+4.990000e+02,+1.792964e-04,+6.662754e-01,+6.665811e-01
+5.000000e+02,+1.796729e-04,+6.662734e-01,+6.665836e-01
+5.010000e+02,+1.795121e-04,+6.662736e-01,+6.665857e-01
+5.020000e+02,+1.788250e-04,+6.662758e-01,+6.665874e-01
+5.030000e+02,+1.776622e-04,+6.662800e-01,+6.665887e-01
+5.040000e+02,+1.761133e-04,+6.662860e-01,+6.665895e-01
+5.050000e+02,+1.743063e-04,+6.662938e-01,+6.665897e-01
+5.060000e+02,+1.724073e-04,+6.663031e-01,+6.665894e-01
+5.070000e+02,+1.706171e-04,+6.663137e-01,+6.665883e-01
+5.080000e+02,+1.691666e-04,+6.663254e-01,+6.665866e-01
+5.090000e+02,+1.683074e-04,+6.663379e-01,+6.665841e-01
+5.100000e+02,+1.682975e-04,+6.663509e-01,+6.665807e-01
+5.110000e+02,+1.693824e-04,+6.663641e-01,+6.665764e-01
+5.120000e+02,+1.717731e-04,+6.663773e-01,+6.665712e-01
+5.130000e+02,+1.756258e-04,+6.663902e-01,+6.665650e-01
+5.140000e+02,+1.810269e-04,+6.664024e-01,+6.665578e-01
+5.150000e+02,+1.879873e-04,+6.664138e-01,+6.665496e-01
+5.160000e+02,+1.964472e-04,+6.664241e-01,+6.665404e-01
+5.170000e+02,+2.062881e-04,+6.664331e-01,+6.665303e-01
+5.180000e+02,+2.173495e-04,+6.664407e-01,+6.665193e-01
+5.190000e+02,+2.294450e-04,+6.664467e-01,+6.665075e-01
+5.200000e+02,+2.423757e-04,+6.664511e-01,+6.664949e-01
+5.210000e+02,+2.559410e-04,+6.664537e-01,+6.664817e-01
+5.220000e+02,+2.699445e-04,+6.664547e-01,+6.664679e-01
+5.230000e+02,+2.841992e-04,+6.664540e-01,+6.664537e-01
+5.240000e+02,+2.985288e-04,+6.664518e-01,+6.664391e-01
+5.250000e+02,+3.127691e-04,+6.664481e-01,+6.664243e-01
+5.260000e+02,+3.267682e-04,+6.664432e-01,+6.664094e-01
+5.270000e+02,+3.403863e-04,+6.664372e-01,+6.663945e-01
+5.280000e+02,+3.534955e-04,+6.664304e-01,+6.663797e-01
+5.290000e+02,+3.659791e-04,+6.664230e-01,+6.663650e-01
+5.300000e+02,+3.777315e-04,+6.664152e-01,+6.663506e-01
+5.310000e+02,+3.886579e-04,+6.664075e-01,+6.663365e-01
+5.320000e+02,+3.986736e-04,+6.663999e-01,+6.663228e-01
+5.330000e+02,+4.077043e-04,+6.663929e-01,+6.663095e-01
+5.340000e+02,+4.156854e-04,+6.663867e-01,+6.662966e-01
+5.350000e+02,+4.225620e-04,+6.663816e-01,+6.662841e-01
+5.360000e+02,+4.282887e-04,+6.663777e-01,+6.662720e-01
+5.370000e+02,+4.328294e-04,+6.663754e-01,+6.662603e-01
+5.380000e+02,+4.361569e-04,+6.663747e-01,+6.662491e-01
+5.390000e+02,+4.382533e-04,+6.663759e-01,+6.662381e-01
+5.400000e+02,+4.391092e-04,+6.663789e-01,+6.662276e-01
+5.410000e+02,+4.387237e-04,+6.663840e-01,+6.662173e-01
+5.420000e+02,+4.371044e-04,+6.663910e-01,+6.662073e-01
+5.430000e+02,+4.342670e-04,+6.664001e-01,+6.661975e-01
+5.440000e+02,+4.302351e-04,+6.664109e-01,+6.661880e-01
+5.450000e+02,+4.250403e-04,+6.664236e-01,+6.661788e-01
+5.460000e+02,+4.187216e-04,+6.664378e-01,+6.661698e-01
+5.470000e+02,+4.113255e-04,+6.664535e-01,+6.661611e-01
+5.480000e+02,+4.029057e-04,+6.664703e-01,+6.661526e-01
+5.490000e+02,+3.935234e-04,+6.664880e-01,+6.661445e-01
+5.500000e+02,+3.832466e-04,+6.665064e-01,+6.661368e-01
+5.510000e+02,+3.721507e-04,+6.665250e-01,+6.661296e-01
+5.520000e+02,+3.603179e-04,+6.665436e-01,+6.661229e-01
+5.530000e+02,+3.478383e-04,+6.665619e-01,+6.661167e-01
+5.540000e+02,+3.348091e-04,+6.665796e-01,+6.661113e-01
+5.550000e+02,+3.213358e-04,+6.665963e-01,+6.661067e-01
+5.560000e+02,+3.075320e-04,+6.666117e-01,+6.661028e-01
+5.570000e+02,+2.935208e-04,+6.666256e-01,+6.661000e-01
+5.580000e+02,+2.794348e-04,+6.666377e-01,+6.660981e-01
+5.590000e+02,+2.654173e-04,+6.666479e-01,+6.660973e-01
+5.600000e+02,+2.516231e-04,+6.666558e-01,+6.660975e-01
+5.610000e+02,+2.382186e-04,+6.666614e-01,+6.660990e-01
+5.620000e+02,+2.253818e-04,+6.666647e-01,+6.661016e-01
+5.630000e+02,+2.133009e-04,+6.666654e-01,+6.661054e-01
+5.640000e+02,+2.021704e-04,+6.666637e-01,+6.661105e-01
+5.650000e+02,+1.921847e-04,+6.666596e-01,+6.661166e-01
+5.660000e+02,+1.835278e-04,+6.666531e-01,+6.661240e-01
+5.670000e+02,+1.763583e-04,+6.666444e-01,+6.661324e-01
+5.680000e+02,+1.707924e-04,+6.666336e-01,+6.661419e-01
+5.690000e+02,+1.668866e-04,+6.666210e-01,+6.661523e-01
+5.700000e+02,+1.646254e-04,+6.666067e-01,+6.661637e-01
+5.710000e+02,+1.639181e-04,+6.665911e-01,+6.661758e-01
+5.720000e+02,+1.646061e-04,+6.665743e-01,+6.661888e-01
+5.730000e+02,+1.664798e-04,+6.665567e-01,+6.662024e-01
+5.740000e+02,+1.692998e-04,+6.665386e-01,+6.662165e-01
+5.750000e+02,+1.728180e-04,+6.665202e-01,+6.662312e-01
+5.760000e+02,+1.767941e-04,+6.665018e-01,+6.662464e-01
+5.770000e+02,+1.810072e-04,+6.664838e-01,+6.662619e-01
+5.780000e+02,+1.852621e-04,+6.664663e-01,+6.662777e-01
+5.790000e+02,+1.893924e-04,+6.664497e-01,+6.662938e-01
+5.800000e+02,+1.932603e-04,+6.664340e-01,+6.663102e-01
+5.810000e+02,+1.967559e-04,+6.664195e-01,+6.663267e-01
+5.820000e+02,+1.997951e-04,+6.664064e-01,+6.663434e-01
+5.830000e+02,+2.023186e-04,+6.663947e-01,+6.663603e-01
+5.840000e+02,+2.042899e-04,+6.663844e-01,+6.663773e-01
+5.850000e+02,+2.056942e-04,+6.663757e-01,+6.663945e-01
+5.860000e+02,+2.065377e-04,+6.663684e-01,+6.664117e-01
+5.870000e+02,+2.068465e-04,+6.663626e-01,+6.664291e-01
+5.880000e+02,+2.066668e-04,+6.663582e-01,+6.664466e-01
+5.890000e+02,+2.060639e-04,+6.663549e-01,+6.664641e-01
+5.900000e+02,+2.051224e-04,+6.663528e-01,+6.664817e-01
+5.910000e+02,+2.039450e-04,+6.663515e-01,+6.664993e-01
+5.920000e+02,+2.026516e-04,+6.663510e-01,+6.665168e-01
+5.930000e+02,+2.013775e-04,+6.663510e-01,+6.665343e-01
+5.940000e+02,+2.002696e-04,+6.663512e-01,+6.665516e-01
+5.950000e+02,+1.994829e-04,+6.663515e-01,+6.665686e-01
+5.960000e+02,+1.991734e-04,+6.663517e-01,+6.665853e-01
+5.970000e+02,+1.994914e-04,+6.663515e-01,+6.666016e-01
+5.980000e+02,+2.005725e-04,+6.663508e-01,+6.666173e-01
+5.990000e+02,+2.025291e-04,+6.663494e-01,+6.666323e-01
+6.000000e+02,+2.054426e-04,+6.663471e-01,+6.666466e-01
+6.010000e+02,+2.093582e-04,+6.663439e-01,+6.666600e-01
+6.020000e+02,+2.142819e-04,+6.663396e-01,+6.666723e-01
+6.030000e+02,+2.201818e-04,+6.663342e-01,+6.666835e-01
+6.040000e+02,+2.269916e-04,+6.663278e-01,+6.666935e-01
+6.050000e+02,+2.346164e-04,+6.663202e-01,+6.667020e-01
+6.060000e+02,+2.429398e-04,+6.663117e-01,+6.667091e-01
+6.070000e+02,+2.518305e-04,+6.663023e-01,+6.667147e-01
+6.080000e+02,+2.611486e-04,+6.662922e-01,+6.667187e-01
+6.090000e+02,+2.707508e-04,+6.662814e-01,+6.667210e-01
+6.100000e+02,+2.804946e-04,+6.662703e-01,+6.667215e-01
+6.110000e+02,+2.902412e-04,+6.662591e-01,+6.667204e-01
+6.120000e+02,+2.998577e-04,+6.662479e-01,+6.667175e-01
+6.130000e+02,+3.092185e-04,+6.662371e-01,+6.667129e-01
+6.140000e+02,+3.182067e-04,+6.662269e-01,+6.667067e-01
+6.150000e+02,+3.267142e-04,+6.662177e-01,+6.666987e-01
+6.160000e+02,+3.346422e-04,+6.662096e-01,+6.666892e-01
+6.170000e+02,+3.419020e-04,+6.662029e-01,+6.666782e-01
+6.180000e+02,+3.484145e-04,+6.661978e-01,+6.666657e-01
+6.190000e+02,+3.541106e-04,+6.661947e-01,+6.666518e-01
+6.200000e+02,+3.589313e-04,+6.661936e-01,+6.666366e-01
+6.210000e+02,+3.628276e-04,+6.661948e-01,+6.666203e-01
+6.220000e+02,+3.657607e-04,+6.661983e-01,+6.666028e-01
+6.230000e+02,+3.677017e-04,+6.662043e-01,+6.665843e-01
+6.240000e+02,+3.686318e-04,+6.662128e-01,+6.665648e-01
+6.250000e+02,+3.685423e-04,+6.662238e-01,+6.665445e-01
+6.260000e+02,+3.674344e-04,+6.662373e-01,+6.665234e-01
+6.270000e+02,+3.653189e-04,+6.662531e-01,+6.665016e-01
+6.280000e+02,+3.622169e-04,+6.662712e-01,+6.664792e-01
+6.290000e+02,+3.581587e-04,+6.662913e-01,+6.664563e-01
+6.300000e+02,+3.531843e-04,+6.663134e-01,+6.664328e-01
+6.310000e+02,+3.473432e-04,+6.663370e-01,+6.664089e-01
+6.320000e+02,+3.406941e-04,+6.663620e-01,+6.663847e-01
+6.330000e+02,+3.333047e-04,+6.663881e-01,+6.663601e-01
+6.340000e+02,+3.252516e-04,+6.664149e-01,+6.663353e-01
+6.350000e+02,+3.166203e-04,+6.664421e-01,+6.663104e-01
+6.360000e+02,+3.075046e-04,+6.664695e-01,+6.662854e-01
+6.370000e+02,+2.980064e-04,+6.664966e-01,+6.662604e-01
+6.380000e+02,+2.882355e-04,+6.665231e-01,+6.662355e-01
+6.390000e+02,+2.783089e-04,+6.665487e-01,+6.662108e-01
+6.400000e+02,+2.683501e-04,+6.665732e-01,+6.661864e-01
+6.410000e+02,+2.584877e-04,+6.665962e-01,+6.661624e-01
+6.420000e+02,+2.488542e-04,+6.666174e-01,+6.661389e-01
+6.430000e+02,+2.395834e-04,+6.666368e-01,+6.661161e-01
+6.440000e+02,+2.308075e-04,+6.666541e-01,+6.660941e-01
+6.450000e+02,+2.226529e-04,+6.666691e-01,+6.660730e-01
+6.460000e+02,+2.152354e-04,+6.666818e-01,+6.660530e-01
+6.470000e+02,+2.086543e-04,+6.666921e-01,+6.660342e-01
+6.480000e+02,+2.029862e-04,+6.667000e-01,+6.660168e-01
+6.490000e+02,+1.982796e-04,+6.667055e-01,+6.660008e-01
+6.500000e+02,+1.945499e-04,+6.667087e-01,+6.659864e-01
+6.510000e+02,+1.917774e-04,+6.667097e-01,+6.659737e-01
+6.520000e+02,+1.899073e-04,+6.667085e-01,+6.659628e-01
+6.530000e+02,+1.888540e-04,+6.667055e-01,+6.659539e-01
+6.540000e+02,+1.885059e-04,+6.667007e-01,+6.659469e-01
+6.550000e+02,+1.887336e-04,+6.666944e-01,+6.659419e-01
+6.560000e+02,+1.893976e-04,+6.666868e-01,+6.659391e-01
+6.570000e+02,+1.903558e-04,+6.666782e-01,+6.659383e-01
+6.580000e+02,+1.914702e-04,+6.666687e-01,+6.659396e-01
+6.590000e+02,+1.926114e-04,+6.666586e-01,+6.659430e-01
+6.600000e+02,+1.936627e-04,+6.666481e-01,+6.659485e-01
+6.610000e+02,+1.945220e-04,+6.666374e-01,+6.659561e-01
+6.620000e+02,+1.951036e-04,+6.666268e-01,+6.659655e-01
+6.630000e+02,+1.953384e-04,+6.666164e-01,+6.659769e-01
+6.640000e+02,+1.951744e-04,+6.666064e-01,+6.659901e-01
+6.650000e+02,+1.945765e-04,+6.665968e-01,+6.660050e-01
+6.660000e+02,+1.935268e-04,+6.665878e-01,+6.660215e-01
+6.670000e+02,+1.920239e-04,+6.665794e-01,+6.660396e-01
+6.680000e+02,+1.900835e-04,+6.665716e-01,+6.660590e-01
+6.690000e+02,+1.877382e-04,+6.665644e-01,+6.660797e-01
+6.700000e+02,+1.850375e-04,+6.665578e-01,+6.661016e-01
+6.710000e+02,+1.820487e-04,+6.665517e-01,+6.661246e-01
+6.720000e+02,+1.788564e-04,+6.665460e-01,+6.661486e-01
+6.730000e+02,+1.755629e-04,+6.665406e-01,+6.661734e-01
+6.740000e+02,+1.722877e-04,+6.665354e-01,+6.661990e-01
+6.750000e+02,+1.691660e-04,+6.665301e-01,+6.662252e-01
+6.760000e+02,+1.663461e-04,+6.665246e-01,+6.662520e-01
+6.770000e+02,+1.639851e-04,+6.665187e-01,+6.662793e-01
+6.780000e+02,+1.622423e-04,+6.665123e-01,+6.663070e-01
+6.790000e+02,+1.612704e-04,+6.665051e-01,+6.663349e-01
+6.800000e+02,+1.612056e-04,+6.664971e-01,+6.663630e-01
+6.810000e+02,+1.621565e-04,+6.664881e-01,+6.663913e-01
+6.820000e+02,+1.641955e-04,+6.664779e-01,+6.664195e-01
+6.830000e+02,+1.673527e-04,+6.664664e-01,+6.664477e-01
+6.840000e+02,+1.716145e-04,+6.664537e-01,+6.664757e-01
+6.850000e+02,+1.769271e-04,+6.664396e-01,+6.665034e-01
+6.860000e+02,+1.832027e-04,+6.664241e-01,+6.665307e-01
+6.870000e+02,+1.903287e-04,+6.664074e-01,+6.665574e-01
+6.880000e+02,+1.981765e-04,+6.663893e-01,+6.665836e-01
+6.890000e+02,+2.066090e-04,+6.663701e-01,+6.666090e-01
+6.900000e+02,+2.154871e-04,+6.663499e-01,+6.666335e-01
+6.910000e+02,+2.246740e-04,+6.663288e-01,+6.666571e-01
+6.920000e+02,+2.340385e-04,+6.663071e-01,+6.666795e-01
+6.930000e+02,+2.434565e-04,+6.662850e-01,+6.667006e-01
+6.940000e+02,+2.528117e-04,+6.662627e-01,+6.667204e-01
+6.950000e+02,+2.619964e-04,+6.662405e-01,+6.667387e-01
+6.960000e+02,+2.709113e-04,+6.662187e-01,+6.667554e-01
+6.970000e+02,+2.794653e-04,+6.661976e-01,+6.667703e-01
+6.980000e+02,+2.875752e-04,+6.661775e-01,+6.667835e-01
+6.990000e+02,+2.951657e-04,+6.661586e-01,+6.667947e-01
+7.000000e+02,+3.021689e-04,+6.661413e-01,+6.668040e-01
+7.010000e+02,+3.085245e-04,+6.661258e-01,+6.668113e-01
+7.020000e+02,+3.141790e-04,+6.661124e-01,+6.668165e-01
+7.030000e+02,+3.190863e-04,+6.661012e-01,+6.668196e-01
+7.040000e+02,+3.232070e-04,+6.660926e-01,+6.668207e-01
+7.050000e+02,+3.265088e-04,+6.660866e-01,+6.668196e-01
+7.060000e+02,+3.289663e-04,+6.660834e-01,+6.668164e-01
+7.070000e+02,+3.305610e-04,+6.660829e-01,+6.668112e-01
+7.080000e+02,+3.312813e-04,+6.660854e-01,+6.668040e-01
+7.090000e+02,+3.311224e-04,+6.660908e-01,+6.667948e-01
+7.100000e+02,+3.300867e-04,+6.660990e-01,+6.667838e-01
+7.110000e+02,+3.281835e-04,+6.661099e-01,+6.667710e-01
+7.120000e+02,+3.254290e-04,+6.661234e-01,+6.667565e-01
+7.130000e+02,+3.218465e-04,+6.661394e-01,+6.667404e-01
+7.140000e+02,+3.174665e-04,+6.661576e-01,+6.667228e-01
+7.150000e+02,+3.123266e-04,+6.661778e-01,+6.667039e-01
+7.160000e+02,+3.064713e-04,+6.661998e-01,+6.666836e-01
+7.170000e+02,+2.999524e-04,+6.662233e-01,+6.666621e-01
+7.180000e+02,+2.928291e-04,+6.662479e-01,+6.666396e-01
+7.190000e+02,+2.851675e-04,+6.662734e-01,+6.666161e-01
+7.200000e+02,+2.770411e-04,+6.662995e-01,+6.665917e-01
+7.210000e+02,+2.685306e-04,+6.663258e-01,+6.665665e-01
+7.220000e+02,+2.597240e-04,+6.663521e-01,+6.665406e-01
+7.230000e+02,+2.507162e-04,+6.663781e-01,+6.665142e-01
+7.240000e+02,+2.416089e-04,+6.664035e-01,+6.664872e-01
+7.250000e+02,+2.325102e-04,+6.664280e-01,+6.664598e-01
+7.260000e+02,+2.235336e-04,+6.664515e-01,+6.664321e-01
+7.270000e+02,+2.147971e-04,+6.664738e-01,+6.664042e-01
+7.280000e+02,+2.064207e-04,+6.664946e-01,+6.663761e-01
+7.290000e+02,+1.985241e-04,+6.665139e-01,+6.663479e-01
+7.300000e+02,+1.912228e-04,+6.665315e-01,+6.663198e-01
+7.310000e+02,+1.846235e-04,+6.665475e-01,+6.662918e-01
+7.320000e+02,+1.788179e-04,+6.665618e-01,+6.662641e-01
+7.330000e+02,+1.738771e-04,+6.665745e-01,+6.662366e-01
+7.340000e+02,+1.698455e-04,+6.665855e-01,+6.662097e-01
+7.350000e+02,+1.667360e-04,+6.665950e-01,+6.661833e-01
+7.360000e+02,+1.645278e-04,+6.666030e-01,+6.661575e-01
+7.370000e+02,+1.631669e-04,+6.666098e-01,+6.661325e-01
+7.380000e+02,+1.625696e-04,+6.666154e-01,+6.661085e-01
+7.390000e+02,+1.626288e-04,+6.666200e-01,+6.660855e-01
+7.400000e+02,+1.632213e-04,+6.666238e-01,+6.660636e-01
+7.410000e+02,+1.642162e-04,+6.666269e-01,+6.660430e-01
+7.420000e+02,+1.654820e-04,+6.666296e-01,+6.660238e-01
+7.430000e+02,+1.668929e-04,+6.666319e-01,+6.660061e-01
+7.440000e+02,+1.683331e-04,+6.666341e-01,+6.659900e-01
+7.450000e+02,+1.697006e-04,+6.666362e-01,+6.659755e-01
+7.460000e+02,+1.709086e-04,+6.666384e-01,+6.659628e-01
+7.470000e+02,+1.718869e-04,+6.666408e-01,+6.659520e-01
+7.480000e+02,+1.725827e-04,+6.666434e-01,+6.659431e-01
+7.490000e+02,+1.729601e-04,+6.666463e-01,+6.659361e-01
+7.500000e+02,+1.730003e-04,+6.666494e-01,+6.659311e-01
+7.510000e+02,+1.727015e-04,+6.666529e-01,+6.659281e-01
+7.520000e+02,+1.720787e-04,+6.666566e-01,+6.659271e-01
+7.530000e+02,+1.711630e-04,+6.666604e-01,+6.659281e-01
+7.540000e+02,+1.700016e-04,+6.666643e-01,+6.659311e-01
+7.550000e+02,+1.686570e-04,+6.666680e-01,+6.659360e-01
+7.560000e+02,+1.672065e-04,+6.666716e-01,+6.659428e-01
+7.570000e+02,+1.657404e-04,+6.666748e-01,+6.659514e-01
+7.580000e+02,+1.643606e-04,+6.666774e-01,+6.659619e-01
+7.590000e+02,+1.631773e-04,+6.666792e-01,+6.659740e-01
+7.600000e+02,+1.623054e-04,+6.666801e-01,+6.659878e-01
+7.610000e+02,+1.618593e-04,+6.666799e-01,+6.660031e-01
+7.620000e+02,+1.619472e-04,+6.666784e-01,+6.660198e-01
+7.630000e+02,+1.626648e-04,+6.666753e-01,+6.660380e-01
+7.640000e+02,+1.640886e-04,+6.666707e-01,+6.660574e-01
+7.650000e+02,+1.662713e-04,+6.666643e-01,+6.660781e-01
+7.660000e+02,+1.692378e-04,+6.666561e-01,+6.660998e-01
+7.670000e+02,+1.729843e-04,+6.666459e-01,+6.661226e-01
+7.680000e+02,+1.774794e-04,+6.666337e-01,+6.661463e-01
+7.690000e+02,+1.826673e-04,+6.666195e-01,+6.661708e-01
+7.700000e+02,+1.884725e-04,+6.666034e-01,+6.661961e-01
+7.710000e+02,+1.948046e-04,+6.665853e-01,+6.662221e-01
+7.720000e+02,+2.015639e-04,+6.665654e-01,+6.662487e-01
+7.730000e+02,+2.086452e-04,+6.665438e-01,+6.662757e-01
+7.740000e+02,+2.159420e-04,+6.665207e-01,+6.663032e-01
+7.750000e+02,+2.233491e-04,+6.664962e-01,+6.663310e-01
+7.760000e+02,+2.307650e-04,+6.664707e-01,+6.663590e-01
+7.770000e+02,+2.380929e-04,+6.664442e-01,+6.663871e-01
+7.780000e+02,+2.452421e-04,+6.664172e-01,+6.664153e-01
+7.790000e+02,+2.521283e-04,+6.663899e-01,+6.664434e-01
+7.800000e+02,+2.586741e-04,+6.663625e-01,+6.664713e-01
+7.810000e+02,+2.648091e-04,+6.663355e-01,+6.664989e-01
+7.820000e+02,+2.704702e-04,+6.663090e-01,+6.665260e-01
+7.830000e+02,+2.756011e-04,+6.662834e-01,+6.665526e-01
+7.840000e+02,+2.801527e-04,+6.662590e-01,+6.665786e-01
+7.850000e+02,+2.840828e-04,+6.662360e-01,+6.666037e-01
+7.860000e+02,+2.873563e-04,+6.662147e-01,+6.666280e-01
+7.870000e+02,+2.899446e-04,+6.661953e-01,+6.666512e-01
+7.880000e+02,+2.918259e-04,+6.661780e-01,+6.666732e-01
+7.890000e+02,+2.929853e-04,+6.661630e-01,+6.666940e-01
+7.900000e+02,+2.934141e-04,+6.661504e-01,+6.667133e-01
+7.910000e+02,+2.931101e-04,+6.661402e-01,+6.667312e-01
+7.920000e+02,+2.920776e-04,+6.661326e-01,+6.667475e-01
+7.930000e+02,+2.903271e-04,+6.661275e-01,+6.667621e-01
+7.940000e+02,+2.878753e-04,+6.661249e-01,+6.667749e-01
+7.950000e+02,+2.847450e-04,+6.661247e-01,+6.667859e-01
+7.960000e+02,+2.809651e-04,+6.661269e-01,+6.667950e-01
+7.970000e+02,+2.765706e-04,+6.661314e-01,+6.668023e-01
+7.980000e+02,+2.716023e-04,+6.661378e-01,+6.668075e-01
+7.990000e+02,+2.661069e-04,+6.661462e-01,+6.668109e-01
+8.000000e+02,+2.601373e-04,+6.661562e-01,+6.668122e-01
+8.010000e+02,+2.537520e-04,+6.661677e-01,+6.668117e-01
+8.020000e+02,+2.470153e-04,+6.661803e-01,+6.668092e-01
+8.030000e+02,+2.399974e-04,+6.661940e-01,+6.668048e-01
+8.040000e+02,+2.327742e-04,+6.662083e-01,+6.667985e-01
+8.050000e+02,+2.254271e-04,+6.662232e-01,+6.667905e-01
+8.060000e+02,+2.180425e-04,+6.662383e-01,+6.667808e-01
+8.070000e+02,+2.107118e-04,+6.662535e-01,+6.667693e-01
+8.080000e+02,+2.035301e-04,+6.662685e-01,+6.667563e-01
+8.090000e+02,+1.965950e-04,+6.662832e-01,+6.667418e-01
+8.100000e+02,+1.900050e-04,+6.662975e-01,+6.667258e-01
+8.110000e+02,+1.838572e-04,+6.663111e-01,+6.667085e-01
+8.120000e+02,+1.782435e-04,+6.663241e-01,+6.666900e-01
+8.130000e+02,+1.732474e-04,+6.663363e-01,+6.666702e-01
+8.140000e+02,+1.689395e-04,+6.663477e-01,+6.666493e-01
+8.150000e+02,+1.653725e-04,+6.663583e-01,+6.666275e-01
+8.160000e+02,+1.625781e-04,+6.663682e-01,+6.666047e-01
+8.170000e+02,+1.605632e-04,+6.663773e-01,+6.665810e-01
+8.180000e+02,+1.593092e-04,+6.663858e-01,+6.665566e-01
+8.190000e+02,+1.587725e-04,+6.663937e-01,+6.665316e-01
+8.200000e+02,+1.588877e-04,+6.664012e-01,+6.665060e-01
+8.210000e+02,+1.595713e-04,+6.664084e-01,+6.664799e-01
+8.220000e+02,+1.607279e-04,+6.664155e-01,+6.664535e-01
+8.230000e+02,+1.622547e-04,+6.664225e-01,+6.664267e-01
+8.240000e+02,+1.640477e-04,+6.664297e-01,+6.663998e-01
+8.250000e+02,+1.660050e-04,+6.664371e-01,+6.663728e-01
+8.260000e+02,+1.680309e-04,+6.664449e-01,+6.663458e-01
+8.270000e+02,+1.700382e-04,+6.664532e-01,+6.663190e-01
+8.280000e+02,+1.719496e-04,+6.664621e-01,+6.662925e-01
+8.290000e+02,+1.736987e-04,+6.664717e-01,+6.662663e-01
+8.300000e+02,+1.752307e-04,+6.664821e-01,+6.662405e-01
+8.310000e+02,+1.765024e-04,+6.664933e-01,+6.662154e-01
+8.320000e+02,+1.774823e-04,+6.665052e-01,+6.661910e-01
+8.330000e+02,+1.781504e-04,+6.665179e-01,+6.661675e-01
+8.340000e+02,+1.784981e-04,+6.665313e-01,+6.661449e-01
+8.350000e+02,+1.785278e-04,+6.665454e-01,+6.661234e-01
+8.360000e+02,+1.782529e-04,+6.665600e-01,+6.661031e-01
+8.370000e+02,+1.776976e-04,+6.665750e-01,+6.660840e-01
+8.380000e+02,+1.768965e-04,+6.665902e-01,+6.660663e-01
+8.390000e+02,+1.758940e-04,+6.666055e-01,+6.660501e-01
+8.400000e+02,+1.747441e-04,+6.666206e-01,+6.660354e-01
